Latitude,Temperature (F),Humidity (%),Cloudiness (%),Wind Speed (mph)
-15.9387,62.67,71,52,21.77
-0.7193,75.16,83,20,10.36
4.8845,75.22,78,98,11.77
5.1053,75.2,81,55,14.79
5.2618,74.8,83,100,15.12
5.3511,74.61,82,62,14.27
5.556,77.41,83,20,19.57
5.9746,72.55,73,15,10.6
6.9954,76.14,77,100,1.86
8.4689,76.93,80,100,5.35
9.4427,75.49,85,44,3.8
10.8639,79.61,72,100,5.21
12.1794,86.23,57,100,6.26
12.9714,89.42,44,47,6.64
14.0354,91.98,40,4,6.71
14.4439,93.45,38,23,6.29
16.6362,97.68,27,4,5.08
18.4411,83.98,45,100,20.67
20.1986,90.03,32,96,13.27
-3.432,71.08,91,86,3.65
-2.65,71.02,88,30,3.49
-1.5746,73.13,82,98,5.86
4.9247,74.62,90,100,5.12
5.7947,75.63,82,79,16.26
6.3654,76.98,83,20,17.27
6.5833,75.34,82,88,7.27
6.8144,74.66,81,93,6.71
8.0425,74.79,89,98,4.09
8.8865,73.98,86,100,4.09
9.9401,73.83,89,63,1.9
11.1342,79.2,76,99,3.06
11.8685,85.3,58,100,6.11
13.049,88.65,47,20,3.56
14.3521,93.06,36,41,4.65
-15.1961,62.76,86,94,1.83
-8.8368,73.4,73,0,11.5
-6.1349,71.01,89,43,8.41
4.7084,75.7,86,100,6.8
6.2518,72.88,97,100,3.83
7.0667,71.96,98,100,3.47
7.7899,70.45,94,100,3.8
9.0833,74.64,91,100,0.78
10.3999,74.98,86,98,2.64
12.1628,70.66,94,100,15.5
12.5898,70.11,91,100,16.24
14.073,72.09,87,100,12.08
14.7551,74.32,83,100,29.08
15.4509,82.72,54,100,26.17
18.7369,102.43,9,98,8.7
-18.0607,61.05,33,0,7.2
-12.5763,67.93,86,7,8.12
-2.7942,70.75,87,54,2.95
0.3925,75.6,78,61,7.78
1.0002,75.87,81,96,9.22
1.574,75.45,85,42,8.72
4.0242,75.18,87,100,8.79
4.6363,70.63,94,100,4.43
5.9667,72.28,98,100,2.77
7.3179,74.12,85,99,8.5
7.7411,73.58,95,100,5.41
8.4833,73.31,94,100,3.29
9.9167,63.23,94,100,1.92
10.387,66.65,96,90,2.06
11.7594,71.42,86,100,13.09
12.9983,75.36,67,100,9.57
13.8072,78.76,65,20,11.5
14.9709,77.0,59,100,18.81
19.75,93.63,11,25,7.38
-11.2061,68.59,89,0,7.99
-4.7561,71.28,89,0,6.44
-4.1997,71.46,74,15,8.25
-2.9506,74.71,64,27,5.66
-1.9005,67.48,81,0,4.76
-1.1303,80.55,54,88,5.39
-0.0921,77.11,67,19,4.25
0.7821,68.74,89,29,4.07
2.076,67.55,99,21,2.82
2.9333,67.12,98,48,3.85
3.7159,67.15,97,30,5.08
4.5167,69.42,94,83,5.32
6.75,64.35,96,100,3.31
7.3667,63.57,97,100,1.59
9.4667,74.46,85,100,5.1
10.6129,66.47,92,100,5.14
11.747,72.45,81,100,6.42
13.2114,74.44,74,100,7.4
13.9835,77.94,59,100,15.17
18.6853,94.71,20,40,10.2
-20.3667,56.61,41,7,7.09
-17.8833,66.16,22,4,2.44
-17.0667,64.85,24,0,5.3
-13.7833,60.67,52,1,6.64
-13.7333,61.21,43,4,5.55
-12.9067,69.75,41,94,4.18
-8.1881,64.51,49,0,4.27
-7.6087,69.66,47,0,4.03
-5.25,76.87,40,0,6.58
-4.2658,87.66,29,82,6.58
-2.5447,77.92,47,41,7.63
-0.8725,81.95,43,6,4.14
1.6481,75.2,70,89,3.06
3.5167,70.88,87,12,2.33
4.1178,68.49,95,52,3.67
8.6698,71.64,95,100,4.92
9.3642,72.45,84,100,5.26
10.7336,76.95,72,41,5.37
12.0769,78.76,78,20,4.61
12.4755,77.88,68,75,7.99
14.1212,84.42,53,10,9.78
-19.5667,63.97,25,0,4.61
-19.2333,66.6,22,0,5.97
-17.4667,63.34,25,0,5.1
-14.6585,59.68,22,3,1.5
-12.1667,65.43,25,1,2.24
-12.0167,65.08,24,3,0.98
-9.5402,70.92,37,0,5.3
-6.4667,76.6,31,1,1.63
-5.041,82.87,28,57,2.44
-4.55,83.61,32,50,2.84
-2.7167,82.76,40,34,3.22
-1.95,74.77,58,25,3.29
0.0487,75.74,61,67,3.33
1.6381,76.57,62,34,3.36
3.6415,74.28,81,95,1.61
3.8678,72.99,80,88,1.7
4.8005,72.5,92,100,1.74
6.5105,70.95,96,86,2.55
7.3008,71.38,96,97,3.53
8.3404,72.1,95,99,3.0
9.1429,78.71,89,20,0.0
9.3627,72.55,93,100,3.58
11.0598,75.76,83,80,1.39
11.9801,80.15,68,98,3.22
13.2154,85.1,51,2,6.93
-19.6667,65.39,23,0,3.83
-18.3667,62.69,22,0,4.09
-17.9333,64.29,24,6,4.05
-14.97,63.55,27,4,2.39
-11.65,61.79,25,3,2.35
-11.55,67.96,20,0,4.0
-9.6608,69.71,27,0,2.8
-8.4192,73.76,25,0,2.51
-6.4167,80.71,29,1,1.45
-5.35,79.61,38,37,1.45
-4.3167,79.23,36,34,0.25
-0.2167,73.35,85,100,2.19
1.5,74.73,80,100,2.53
3.3333,72.16,95,100,0.89
4.2833,71.47,94,100,1.3
5.0267,70.88,95,99,2.44
6.2679,70.74,96,100,3.27
8.4109,70.39,97,28,3.83
11.0297,77.76,75,100,4.76
13.8292,82.83,59,100,5.12
14.5333,85.32,51,94,7.2
-19.9833,62.56,39,0,2.3
-17.4759,61.3,22,1,4.12
-16.1167,63.21,23,3,4.45
-14.7833,60.12,35,0,3.89
-13.5927,60.55,33,1,3.13
-11.7358,61.12,37,0,2.08
-8.7386,69.53,37,47,2.39
-7.5667,74.3,51,0,4.05
-6.75,80.04,43,69,2.82
-6.15,81.1,39,65,3.0
-4.9667,78.57,48,85,1.16
-3.4833,78.26,53,61,1.14
0.8102,70.07,95,74,2.04
1.2391,70.66,95,16,0.98
2.7388,71.19,96,100,1.7
3.8146,68.68,98,89,1.92
4.95,68.34,97,96,1.92
8.0777,69.22,98,100,2.66
10.2849,73.56,88,20,4.94
14.2,81.73,49,96,6.33
-20.5929,59.34,27,0,3.27
-18.3693,62.58,34,0,1.86
-16.8065,54.84,46,0,4.07
-16.2833,58.14,38,4,5.55
-14.9783,60.87,28,2,3.13
-12.529,61.72,40,0,4.05
-11.7667,62.83,42,2,1.25
-10.9814,63.86,46,0,2.57
-10.8764,62.98,46,0,3.36
-9.2,78.03,31,5,1.81
-7.3,80.13,33,6,1.68
-6.05,82.27,49,65,3.27
-5.3833,79.34,52,40,2.77
-3.6,70.81,81,66,2.55
-2.95,71.64,82,32,2.15
0.5167,71.53,95,99,2.44
2.1484,66.06,96,100,2.42
2.7739,67.23,96,100,2.06
5.3998,67.64,97,98,3.62
13.6017,88.43,43,41,9.84
18.4833,100.09,20,1,4.83
-19.6702,55.11,24,0,2.86
-18.9281,56.73,25,0,0.63
-18.1302,58.86,25,3,0.92
-16.8099,55.2,40,1,3.18
-15.6167,63.9,48,0,1.36
-13.6202,56.59,58,0,4.41
-13.2325,55.22,57,2,4.74
-11.3649,65.44,46,1,2.73
-10.2621,60.01,46,5,2.39
-9.3727,67.06,42,71,3.56
-8.4689,72.07,50,6,3.06
-7.0427,77.16,52,36,2.91
-5.9475,73.33,65,12,1.61
-4.83,74.59,69,0,0.0
-3.8667,65.17,54,93,2.73
-3.125,63.97,70,43,1.25
-1.95,66.72,72,75,4.61
-0.9575,60.17,94,23,2.86
0.2,59.67,90,16,3.6
0.7414,65.48,97,15,2.93
1.5667,61.74,98,93,2.86
3.0372,63.86,96,100,1.39
11.0167,76.73,75,99,1.52
12.35,82.06,62,60,10.78
-20.1883,54.36,50,0,3.67
-18.9367,59.97,46,0,0.25
-17.397,55.04,38,0,2.98
-16.1564,70.16,44,46,2.75
-14.0678,60.51,48,18,2.42
-13.7984,60.26,44,11,3.38
-13.0333,60.78,61,2,4.12
-12.2929,60.1,62,5,6.17
-11.213,66.51,57,3,5.79
-9.7024,58.55,86,27,5.73
-9.0,61.81,70,58,4.07
-6.7167,74.26,46,100,1.34
-5.6333,74.59,45,95,3.09
-5.0167,74.98,94,75,5.75
-3.9,72.72,47,61,3.89
-3.0,69.46,56,0,1.14
-1.9833,72.14,65,0,5.75
-1.5,71.62,78,20,0.0
0.3772,63.48,94,57,0.98
0.9472,63.79,96,29,1.01
2.235,64.27,95,87,4.47
3.2783,66.13,97,97,2.64
8.25,71.19,98,100,0.51
12.35,83.97,56,95,3.27
13.1809,85.19,53,12,5.28
15.1603,93.09,37,32,6.62
15.5518,94.01,43,35,4.88
-19.8436,66.29,94,0,6.91
-19.6094,65.71,89,0,6.06
-17.8786,69.75,83,20,4.61
-16.92,67.15,60,25,2.84
-15.8064,61.5,63,11,3.69
-15.1685,64.42,47,7,2.19
-14.4782,67.68,45,5,1.1
-13.3128,60.89,63,0,6.91
-11.3,59.72,58,14,2.06
-10.6833,67.35,64,40,3.44
-9.9333,60.85,71,7,3.56
-8.9333,70.97,66,6,2.06
-7.6766,64.94,89,80,5.03
-7.2,75.47,55,100,4.88
-6.05,69.24,57,99,8.9
-4.9,65.62,62,99,8.19
-4.0167,69.93,56,89,4.09
-3.35,70.38,64,72,4.47
-1.9012,79.12,50,90,9.91
-1.0783,58.73,84,90,3.87
-0.1733,60.71,82,82,1.32
0.4667,75.18,53,94,0.6
1.95,70.02,66,9,1.28
3.1191,83.98,41,49,7.31
5.65,66.18,68,72,1.72
5.7833,65.37,74,90,3.06
7.2833,61.12,99,100,1.7
8.15,54.01,99,100,2.33
9.1667,55.29,98,100,3.87
9.5046,57.4,98,100,3.49
10.7,55.81,96,25,4.21
11.5936,61.56,93,96,4.05
13.5167,75.27,81,100,7.7
15.451,88.84,49,100,8.03
16.1525,92.64,39,100,6.29
-16.8392,63.97,91,27,3.38
-15.1165,69.75,78,20,8.05
-13.1256,69.51,64,54,7.25
-11.3667,75.51,49,11,5.17
-10.95,70.07,74,83,5.3
-10.0,70.7,72,100,4.14
-7.9562,73.27,82,100,4.94
-6.9,73.2,73,75,4.61
-6.1639,77.07,78,40,5.75
-4.9333,68.61,92,4,4.59
-4.1372,68.4,94,8,4.74
-3.3945,71.24,63,77,10.47
-1.367,65.7,70,81,8.39
-0.4536,77.58,60,34,20.02
1.7471,82.36,44,0,0.0
2.3284,68.83,54,90,17.05
3.5167,74.12,48,100,10.18
5.75,60.71,82,100,2.28
5.8833,61.07,81,100,2.13
6.9833,53.29,93,56,4.72
9.15,56.55,87,23,0.94
9.8,52.39,82,35,4.68
10.6,53.92,86,16,5.99
12.0333,60.49,77,25,3.74
14.1646,64.17,82,100,3.8
-20.2833,71.11,79,22,5.61
-16.2325,73.02,75,76,6.31
-14.5428,70.09,80,41,4.45
-12.974,75.9,78,40,10.36
-11.7022,73.4,88,20,2.3
-11.3847,73.69,88,20,2.3
-10.4,70.92,94,20,9.22
-7.9139,75.18,83,8,9.95
-6.4333,76.86,84,5,12.93
-5.2459,73.09,90,7,7.45
-4.9667,74.1,88,5,9.48
-3.2175,74.79,86,7,13.15
-2.2717,75.42,85,9,14.18
3.9366,86.31,37,63,22.06
7.1333,58.48,78,52,7.47
9.3094,62.67,74,61,10.76
9.5931,72.9,65,9,18.37
13.9297,90.39,67,37,3.69
17.3333,90.54,54,97,2.75
18.2164,68.25,78,0,5.75
-19.5167,72.05,69,98,1.12
-18.7667,67.19,58,92,2.33
-15.7167,71.62,83,20,3.44
-12.9319,73.33,75,5,7.7
-12.9025,73.38,75,5,7.31
-12.2569,75.7,77,30,2.39
-0.3582,75.81,83,11,13.24
2.6185,75.36,79,100,21.05
4.1213,76.32,57,71,21.79
9.4092,75.49,51,46,17.02
10.4396,92.86,39,0,22.17
12.7794,85.1,72,7,7.94
13.1667,88.66,46,4,2.62
14.298,61.45,63,8,3.65
15.1718,61.23,73,88,5.26
17.4924,93.85,32,96,11.07
-20.05,60.94,99,70,1.39
-18.9333,56.1,98,79,1.3
-18.4,53.31,97,47,5.01
-16.7833,68.04,70,51,9.64
-14.8796,70.41,80,43,3.78
-13.6833,71.49,88,90,0.85
-13.2,68.7,80,0,5.41
2.0371,76.39,84,100,17.83
2.7809,75.11,79,91,19.64
5.3505,76.05,86,31,26.78
8.4054,84.69,35,100,15.95
11.2842,91.81,45,3,10.04
-18.1667,68.0,94,40,4.61
-16.1667,67.39,93,47,4.23
-14.9003,67.89,91,63,5.91
-14.2667,70.39,86,20,8.93
-4.6167,76.26,73,20,17.27
7.9803,76.17,81,100,22.68
9.4942,75.96,84,5,29.84
17.0151,75.88,90,59,6.58
-20.9373,68.4,67,22,10.89
-20.2117,69.53,74,49,19.57
-19.9842,69.48,75,70,8.99
22.9333,86.77,61,89,4.61
-20.2078,69.1,71,87,21.03
-20.0064,69.39,75,72,8.99
22.5667,85.78,68,49,11.23
2.6708,77.77,89,100,15.79
3.7833,78.94,83,100,19.91
5.6667,79.05,84,100,15.73
6.6221,81.28,79,100,17.9
10.5669,81.41,82,82,18.05
-0.6,81.57,74,100,16.6
0.5333,77.27,88,100,14.56
20.9,81.07,79,56,11.52
21.1167,81.03,78,51,10.96
21.6422,80.96,79,32,11.27
22.2394,81.36,79,43,16.42
5.1033,79.18,82,100,16.31
6.8833,81.5,79,100,17.94
16.9833,80.44,88,84,3.83
15.0167,79.99,90,63,6.6
17.4842,79.97,88,100,3.62
18.0333,81.09,86,100,5.35
19.0144,84.18,84,40,5.75
19.8667,81.54,82,99,8.32
2.9167,78.03,86,100,17.02
4.1748,80.55,83,100,17.27
5.7667,79.9,82,100,15.59
8.8833,78.39,90,69,7.45
9.49,79.0,87,100,8.99
10.5333,78.75,91,100,11.01
12.1,79.39,91,96,8.28
13.0833,78.42,94,75,4.61
13.9167,72.73,97,66,3.27
14.9667,73.6,94,92,5.1
15.8167,76.89,77,100,6.24
16.7333,79.29,76,100,5.97
18.1667,78.22,79,100,9.51
19.1667,77.97,81,97,7.96
20.05,72.52,83,100,4.47
6.0367,78.67,86,79,9.55
6.773,78.82,88,100,9.69
8.0833,79.14,89,70,12.48
8.4333,82.0,77,80,12.97
8.9833,84.06,66,66,6.71
10.95,82.06,72,100,0.98
12.1333,77.59,78,99,6.22
13.0075,69.62,75,100,2.64
14.1167,80.58,69,100,4.18
14.9167,83.35,69,100,5.01
15.8833,86.04,66,100,3.98
17.0778,74.91,79,73,4.99
18.0333,77.79,82,72,0.63
26.9548,86.4,66,100,3.87
20.1167,79.99,80,96,2.62
5.9485,77.74,90,100,8.9
6.1241,75.54,100,75,1.14
6.9895,70.66,88,100,4.99
7.9333,75.78,94,100,2.3
10.7667,83.14,75,86,12.55
12.6264,86.05,77,47,11.16
15.25,84.81,74,100,9.01
16.0215,83.12,78,100,5.7
16.7833,80.94,80,100,4.21
17.6667,79.54,89,100,2.01
18.9833,75.36,94,80,0.34
20.2719,79.0,79,100,4.03
6.7989,75.56,92,100,4.76
7.4167,79.83,81,100,4.76
7.7102,79.74,80,100,4.45
8.5711,79.83,83,98,8.19
13.0878,84.96,85,40,5.75
13.2167,85.06,85,37,9.84
16.5833,80.51,87,100,2.95
16.7333,80.38,86,100,2.98
17.65,84.52,89,40,4.61
18.3,82.47,82,97,6.89
19.0833,80.44,89,84,2.06
20.1333,73.69,85,87,2.42
-3.8004,76.5,89,100,5.5
-0.9492,77.38,83,94,2.93
11.6667,80.64,89,40,2.3
18.4167,82.02,83,89,5.79
18.7667,81.27,85,99,6.58
19.8,84.72,79,94,14.61
4.1363,76.44,90,84,1.72
5.5577,80.33,76,99,12.08
5.8933,82.33,77,97,18.57
20.15,83.41,78,100,7.16
20.8624,82.13,81,100,3.18
22.2876,82.51,82,99,7.2
1.7427,76.91,84,100,2.86
16.7833,80.29,87,100,5.14
-6.8844,74.35,86,6,9.66
5.3848,80.2,74,100,4.27
7.9178,87.69,99,100,10.22
9.9658,80.42,87,100,10.22
14.0833,78.08,92,100,1.83
16.2833,80.71,86,100,7.47
16.8053,80.56,83,40,2.3
17.7833,79.34,86,100,6.85
19.7333,77.32,86,100,4.32
-2.0833,64.02,88,97,1.79
-0.2202,69.08,94,60,2.37
3.3285,76.08,94,100,2.75
3.7755,78.3,90,100,4.68
4.4683,75.72,97,100,1.66
6.3265,78.78,94,20,2.3
7.4054,77.65,89,95,1.83
8.0726,86.05,85,20,1.14
9.9456,78.12,91,100,4.29
10.3333,72.97,96,100,2.26
14.6333,76.57,94,100,3.69
14.3236,78.75,85,100,4.76
16.25,80.82,75,100,3.09
17.0432,81.21,89,100,4.92
17.6129,77.79,94,100,2.42
19.9167,72.91,99,20,5.75
-24.8667,62.01,57,100,14.83
-5.3582,72.91,94,99,2.91
-3.4667,68.79,97,100,0.96
-0.6876,71.58,94,94,1.57
2.269,79.86,88,20,3.44
2.9516,79.27,83,100,1.52
4.1842,74.23,94,100,0.63
4.8823,74.05,99,100,1.74
6.7013,77.92,87,52,4.32
6.8662,78.55,86,65,5.86
8.3511,79.52,84,100,6.02
9.5357,84.51,74,100,17.02
12.5,83.88,92,100,2.24
12.4816,84.07,84,92,3.49
12.6214,85.05,88,94,2.8
13.75,76.64,91,100,4.74
15.0,78.37,87,100,6.04
15.75,84.97,82,100,6.26
16.9667,80.17,80,100,2.44
17.7704,81.09,92,100,3.24
18.5007,74.44,96,100,2.53
19.8856,74.08,99,99,1.59
-8.19,72.95,91,93,6.89
-5.1131,73.74,89,98,4.74
-4.1333,72.86,97,100,2.46
-2.9167,78.89,94,40,2.3
-1.2667,74.3,95,96,3.15
0.9,82.98,75,100,10.74
1.7381,79.5,91,100,3.49
2.4312,78.71,89,40,4.61
4.25,77.0,87,100,4.76
4.6374,76.93,94,100,3.44
5.2056,77.94,82,100,1.9
9.1769,78.78,89,100,3.67
10.0167,81.16,85,99,9.62
10.7,78.49,91,100,4.54
12.1667,78.98,87,95,2.75
12.7111,78.21,89,100,2.64
14.906,76.82,86,100,5.46
15.9167,77.22,85,100,4.7
16.9364,77.18,89,100,4.45
17.3333,77.32,87,100,2.77
18.6667,80.37,84,100,3.71
19.8,80.28,92,100,3.91
-7.95,75.33,83,94,10.13
-7.9386,75.67,82,96,10.04
-7.6331,75.49,86,98,7.92
-7.3817,71.53,96,100,2.26
-7.0899,67.89,95,68,2.68
-6.2842,74.52,88,99,5.03
-2.8833,78.91,85,99,6.82
-0.0333,76.98,94,100,3.44
0.7,76.77,90,100,5.55
1.1667,77.85,87,100,5.95
9.285,80.76,85,100,7.54
10.346,81.48,85,100,12.44
10.9333,79.11,86,100,7.45
11.9465,61.88,98,100,2.62
14.35,71.65,98,100,0.18
16.0678,78.78,83,20,5.75
16.4667,82.51,78,20,2.3
17.4833,81.14,79,100,4.41
19.9103,80.62,81,38,6.17
-20.7377,71.11,57,24,4.85
-8.1181,72.95,93,97,4.36
-8.05,73.18,96,98,3.38
-7.8833,70.99,92,78,3.29
-7.0868,74.39,84,56,5.64
-6.5153,74.14,94,99,2.44
-2.6833,73.47,99,100,2.04
1.2376,75.25,100,100,0.0
1.55,75.42,94,20,2.3
2.3,73.13,94,40,3.44
3.1667,76.91,94,20,3.44
4.4148,77.14,100,20,2.3
11.9214,80.56,83,40,2.3
12.25,80.6,87,100,5.82
13.0833,78.69,87,100,5.79
13.7667,79.56,85,100,4.12
15.1167,77.14,90,100,5.46
18.8003,80.8,85,13,6.71
20.0058,78.78,94,0,2.24
-8.65,76.71,88,20,10.36
-8.4333,74.59,88,87,4.43
-6.7988,72.55,84,18,5.84
-7.9135,70.99,89,58,4.23
-7.05,78.46,82,26,10.76
-7.0167,77.31,85,23,8.99
-3.3244,75.34,96,100,1.45
-3.0091,73.65,98,100,0.98
-2.5333,73.72,100,100,2.82
2.0167,74.41,99,100,1.95
5.2767,78.1,94,20,0.0
5.9749,78.78,83,20,4.61
7.9868,81.23,80,100,5.53
22.2769,84.36,94,20,2.3
-20.3167,62.65,67,19,6.91
-8.7054,69.66,94,40,0.0
-5.3166,75.22,80,100,7.47
-3.5403,77.22,90,99,10.29
-2.5833,73.87,99,100,1.61
-1.2675,76.19,94,40,11.5
0.1333,76.17,93,100,9.24
3.3,80.1,89,40,2.3
3.8167,73.76,99,100,1.39
5.3378,71.42,98,98,1.14
5.9538,70.0,96,100,1.19
6.8837,75.13,100,20,1.14
9.1924,79.9,82,100,4.88
13.3068,78.35,91,100,3.42
13.8883,81.48,78,100,15.61
15.435,80.01,85,100,8.52
16.1307,80.58,84,92,11.72
16.2923,79.43,83,83,12.08
12.4841,80.37,82,100,10.2
22.8779,82.44,83,10,6.26
-17.9667,55.35,94,14,3.44
-9.6567,71.64,88,10,6.78
-8.6136,59.61,92,100,3.31
-3.9443,74.59,92,100,5.35
-5.1241,74.23,90,100,3.67
-2.9701,66.34,98,100,1.3
-1.3959,76.48,89,100,2.82
-0.8917,75.96,96,99,2.15
4.6533,83.34,73,100,5.48
4.8,83.66,72,100,6.49
5.0839,82.29,75,100,5.46
6.2282,83.28,73,100,6.2
6.3032,83.21,72,100,6.17
10.1815,79.11,86,100,0.31
10.5208,79.14,85,100,3.87
11.035,80.6,82,100,11.36
7.9833,72.75,98,100,1.39
13.416,79.21,78,100,5.17
15.0143,78.8,84,100,7.0
6.6597,74.37,96,100,0.87
16.8096,72.93,91,100,3.76
17.8664,81.99,87,75,7.49
18.4726,78.78,82,100,12.33
-10.1667,75.33,83,49,11.79
-8.6199,74.77,82,77,6.98
-4.9408,73.76,92,98,3.53
-3.945,74.17,95,100,2.08
-0.9516,75.47,91,82,3.78
0.5412,74.07,96,100,2.06
1.487,77.77,94,40,2.3
6.6439,75.29,78,100,2.51
7.3106,82.22,75,100,4.25
7.8667,75.56,94,100,0.89
9.056,80.71,82,100,3.2
14.2404,77.9,93,100,2.44
11.0347,78.82,84,100,11.07
10.1476,80.56,80,100,2.06
13.2167,75.4,93,100,1.14
15.5014,75.9,95,100,3.96
17.0818,78.49,87,90,3.87
18.3765,80.29,84,95,3.94
15.2955,79.93,83,75,2.3
20.4487,84.27,80,100,19.39
-15.7667,53.58,87,30,1.14
-9.8607,64.2,94,78,3.56
-9.1061,70.52,89,35,4.76
-3.6954,78.94,94,40,6.91
1.4451,77.85,86,99,8.16
5.4033,80.04,86,100,19.33
7.1678,73.6,94,100,2.37
7.9911,73.13,98,100,1.95
15.1454,80.19,95,100,4.25
14.8508,78.78,89,100,10.36
11.1373,83.34,76,100,6.53
12.062,80.2,83,100,7.49
12.4497,77.54,89,100,4.59
13.7796,80.64,86,100,8.23
14.0453,79.97,85,100,8.68
-14.25,67.91,45,71,6.96
-3.3333,76.6,91,100,3.2
-0.8833,78.48,85,99,5.82
0.8,79.09,82,100,4.27
6.3711,77.63,91,100,13.24
15.0199,80.31,93,100,2.64
16.6881,75.34,92,100,2.98
7.6947,77.0,88,100,8.37
8.1592,77.95,86,100,4.63
9.2797,79.72,81,100,7.92
14.66,78.15,86,100,5.99
12.1791,80.42,82,100,8.12
12.2188,79.75,83,100,7.63
24.8,84.85,77,100,6.91
-23.7,45.95,42,100,2.3
-14.4667,57.52,72,7,3.44
-5.6667,79.09,86,73,19.24
7.0419,83.52,75,100,11.88
26.1247,80.62,94,100,9.22
26.1842,79.88,94,100,10.36
-3.3667,74.91,92,90,3.87
-0.9131,74.46,89,76,4.88
-0.8667,79.14,69,100,5.91
-20.7333,46.17,76,100,0.0
-13.8483,62.47,94,40,0.0
-12.2333,72.21,88,40,6.91
-8.4667,77.16,86,100,16.24
-6.1219,73.78,99,100,1.45
28.3667,80.56,86,100,24.11
-17.0,63.46,89,100,2.68
-8.7107,74.68,93,100,8.12
-2.6741,76.08,91,26,5.1
-20.1,55.31,94,100,7.9
-18.65,63.34,92,74,6.24
-17.2667,58.93,95,100,7.83
-9.0763,76.05,93,100,17.52
-6.2821,54.63,97,66,1.12
-5.8581,57.09,95,89,1.52
-4.0625,71.85,98,72,1.59
-3.5534,78.84,83,99,5.1
-3.1374,76.48,87,6,4.5
-2.0226,80.55,71,97,5.97
34.6667,79.11,91,4,10.87
-19.5833,63.03,84,100,7.49
-19.25,61.68,88,100,4.61
-17.5333,65.8,88,77,5.93
-16.9167,69.44,84,100,12.66
-9.4431,74.16,92,15,8.68
-7.3351,62.74,97,100,2.13
-6.7221,73.49,89,31,4.0
-5.2246,74.61,93,96,3.18
35.1333,79.48,88,51,12.86
-21.15,66.69,80,99,19.04
-20.0167,65.88,84,98,16.24
-10.6167,79.65,81,13,10.58
-6.2167,76.28,90,49,6.53
-5.5502,74.61,90,94,4.29
-2.5744,81.64,76,75,12.19
-23.1333,55.18,69,96,14.32
-6.3164,65.93,93,38,2.48
-4.352,75.97,81,21,5.48
-3.6667,77.72,75,100,7.31
-24.85,59.07,74,69,9.13
-9.4333,75.7,87,8,4.85
-8.103,80.83,74,81,9.13
-6.2167,77.43,83,49,6.46
-20.2333,71.4,79,99,31.12
-10.4544,78.46,81,19,6.93
-8.145,79.12,83,46,8.03
3.0707,81.28,69,100,16.62
-8.7676,76.15,88,70,3.83
-20.4,67.08,86,85,4.72
-20.35,68.04,84,87,7.85
-16.0667,75.67,84,98,1.81
-15.5333,74.48,88,100,2.59
-13.8833,80.11,73,96,11.27
1.3292,80.28,71,91,17.25
-20.9169,69.39,89,100,22.41
-16.0999,75.78,83,98,2.15
-19.55,70.05,90,100,3.13
